# Created by Octave 4.0.2, Sat Feb 25 15:13:09 2017 ART <marlan@xps13>
# name: C
# type: scalar
1


# name: X
# type: matrix
# rows: 211
# columns: 2
 -0.158986 0.423977
 -0.347926 0.47076
 -0.5046079999999999 0.353801
 -0.596774 0.114035
 -0.518433 -0.172515
 -0.292627 -0.207602
 -0.158986 -0.0438596
 -0.0576037 0.143275
 -0.07142859999999999 0.27193
 -0.297235 0.347953
 -0.417051 0.201754
 -0.440092 0.008771930000000001
 -0.324885 -0.0321637
 -0.246544 0.0555556
 -0.218894 0.201754
 -0.343318 0.160819
 -0.509217 0.0789474
 -0.384793 -0.0906433
 -0.14977 0.125731
 -0.195853 0.324561
 -0.0391705 -0.219298
 -0.108295 -0.30117
 -0.186636 -0.330409
 -0.218894 -0.423977
 -0.0806452 -0.564327
 0.0668203 -0.517544
 0.09447 -0.324561
 0.186636 -0.166667
 0.062212 -0.07309939999999999
 0.0207373 -0.195906
 0.0299539 -0.342105
 -0.09907829999999999 -0.377193
 -0.00691244 -0.464912
 0.131336 -0.429825
 0.232719 -0.195906
 0.0852535 -0.0847953
 -0.131336 -0.236842
 0.00230415 -0.125731
 0.12212 -0.00292398
 -0.347926 -0.312865
 -0.228111 -0.125731
 -0.0760369 0.0146199
 0.0437788 0.0204678
 0.0115207 0.154971
 -0.417051 -0.160819
 -0.315668 -0.318713
 0.126728 -0.219298
 0.205069 -0.312865
 0.218894 -0.459064
 0.07142859999999999 -0.646199
 -0.131336 -0.605263
 -0.209677 -0.581871
 -0.228111 -0.429825
 -0.145161 -0.412281
 -0.0668203 -0.482456
 0.135945 -0.511696
 0.269585 -0.406433
 0.297235 -0.295322
 0.274194 -0.172515
 0.25576 -0.0497076
 0.223502 -0.0497076
 0.182028 -0.0847953
 0.158986 -0.154971
 0.07142859999999999 -0.21345
 0.016129 -0.266082
 -0.0253456 -0.383041
 -0.0115207 -0.482456
 -0.00230415 -0.505848
 0.0253456 -0.511696
 0.0253456 -0.55848
 0.0115207 -0.657895
 -0.0483871 -0.646199
 -0.0852535 -0.552632
 -0.09907829999999999 -0.5
 -0.016129 -0.423977
 0.131336 -0.359649
 0.223502 -0.371345
 0.292627 -0.30117
 0.260369 -0.207602
 0.200461 -0.225146
 0.172811 -0.27193
 -0.131336 0.0906433
 -0.14977 0.07309939999999999
 -0.241935 0.0614035
 -0.301843 0.178363
 -0.297235 0.195906
 -0.274194 0.307018
 -0.324885 0.295322
 -0.398618 0.266082
 -0.435484 0.160819
 -0.47235 0.0789474
 -0.33871 0.0438596
 -0.269585 0.0438596
 -0.25576 0.102339
 -0.168203 0.266082
 -0.112903 0.30117
 -0.0391705 0.347953
 -0.126728 0.44152
 -0.232719 0.44152
 -0.33871 0.418129
 -0.412442 0.353801
 -0.509217 0.219298
 -0.541475 0.0146199
 -0.5046079999999999 -0.125731
 -0.490783 -0.143275
 -0.361751 -0.137427
 -0.269585 -0.0847953
 -0.223502 -0.0789474
 -0.186636 -0.0380117
 -0.154378 -0.008771930000000001
 -0.112903 0.0555556
 -0.0852535 0.137427
 -0.0852535 0.277778
 -0.168203 0.30117
 -0.191244 0.195906
 -0.140553 -0.0497076
 -0.0299539 0.06725150000000001
 -0.200461 -0.230994
 -0.108295 -0.0847953
 0.0345622 0.06725150000000001
 0.0806452 0.119883
 -0.385369 0.0330409
 -0.381221 0.131287
 -0.352189 0.258187
 -0.354263 0.36462
 -0.414401 -0.0692982
 -0.499424 -0.0324561
 -0.298272 -0.0979532
 -0.316935 -0.183918
 -0.368779 -0.290351
 -0.356336 -0.396784
 -0.271313 0.00438596
 -0.177995 0.0862573
 -0.246429 0.143567
 -0.250576 0.229532
 -0.221544 0.376901
 -0.215323 0.295029
 -0.1303 0.217251
 -0.207028 0.0289474
 -0.09711980000000001 0.213158
 -0.0390553 0.258187
 0.0190092 0.401462
 -0.0369816 0.42193
 -0.0639401 0.331871
 -0.1303 0.376901
 -0.375 -0.437719
 -0.395737 -0.351754
 -0.354263 -0.20848
 -0.437212 -0.376316
 -0.48076 -0.503216
 -0.410253 -0.466374
 -0.248502 -0.257602
 -0.227765 -0.314912
 -0.283756 -0.384503
 -0.292051 -0.454094
 -0.337673 -0.519591
 -0.277535 -0.548246
 -0.207028 -0.535965
 -0.18629 -0.478655
 -0.132373 -0.50731
 -0.177995 -0.298538
 -0.165553 -0.175731
 -0.161406 -0.126608
 0.000345622 0.258187
 0.0791475 0.356433
 -0.0266129 0.180409
 -0.0535714 0.07807020000000001
 -0.0141705 -0.052924
 -0.0701613 -0.16345
 -0.0639401 -0.294444
 -0.0307604 -0.466374
 -0.0577189 -0.527778
 -0.0535714 -0.396784
 0.0521889 -0.417251
 -0.0162442 -0.167544
 -0.0639401 -0.0856725
 -0.0618664 -0.0160819
 -0.00380184 0.00438596
 0.0418203 0.204971
 0.0791475 0.19269
 0.0459677 0.254094
 0.118548 0.19269
 0.110253 0.0862573
 0.10818 -0.0692982
 0.166244 -0.024269
 0.141359 0.0657895
 0.143433 0.168129
 0.170392 0.19269
 0.10818 0.299123
 0.118548 0.319591
 0.126843 0.393275
 -0.0867512 0.42193
 -0.0473502 0.507895
 0.0252304 0.5201750000000001
 0.0625576 0.552924
 -0.00587558 0.442398
 -0.0514977 0.573392
 -0.08053 0.507895
 -0.153111 0.552924
 -0.111636 0.54883
 -0.163479 0.49152
 -0.25265 -0.188012
 -0.246429 -0.0365497
 -0.321083 -0.433626
 -0.331452 -0.605556
 -0.385369 -0.515497
 -0.399885 -0.62193
 -0.124078 -0.126608
 -0.316935 -0.228947
 -0.294124 -0.134795
 -0.153111 0.184503


# name: Xval
# type: matrix
# rows: 200
# columns: 2
 -0.3530623458334412 -0.6739018129665528
 -0.2271258044546393 0.447319759527484
 0.09289766828398782 -0.7535241916534504
 0.1482425186872989 -0.7184730787207401
 -0.001512492371361196 0.1629278620318783
 0.04533501373622162 0.2098257321023971
 0.1443461276749827 -0.6872075372137918
 -0.1380706401591187 0.5524173230518026
 -0.163859517674095 0.111343141692869
 -0.1953574230871679 0.4011456977942751
 0.186340497083091 0.5218623361812758
 -0.493403212928632 0.06007881571870899
 -0.09185270263050471 -0.1217815609719611
 -0.1042812406318852 -0.5455798763663557
 -0.2088805818779438 0.1598021697505788
 0.242393245343019 -0.4447684071384007
 0.1498625163175984 -0.1048291086726456
 -0.49949385810446 0.01644946228942301
 0.1470870299818431 0.1766948475086044
 -0.2026548674773517 -0.1845031230050322
 0.09335189166750557 -0.08481748118038701
 0.1133954538659873 0.2062696119597662
 0.2515212869494623 -0.2496212393613401
 -0.07166736724679773 0.3802784372263821
 0.1805506420816104 -0.4984524195398981
 -0.1811012401826715 -0.7543908022924432
 0.2778538871080967 0.2484437235530541
 -0.01327091814799802 -0.4874714485836898
 -0.01502106908820328 0.3696734186672164
 -0.003086907180435416 0.2157042799725573
 0.2141149036055748 0.4517631966283731
 0.04526842003438325 -0.6235064783815233
 -0.1341706159690941 -0.7504224117523898
 -0.05519283301995093 -0.08569443093442686
 -0.4564296229001604 0.3045734266223725
 -0.4493093793695467 0.2521395049774247
 -0.3346004746078984 0.2810896714405744
 0.1415528774457365 -0.6873563804218508
 -0.2478837893345367 -0.4465246369530704
 -0.04867248275650204 -0.7948161385602274
 -0.1964430360267417 -0.6094951208620023
 -0.4990336621348382 -0.4837805120500307
 -0.04108153266775988 -0.3371718724472023
 -0.2810176435038079 -0.02116390671286006
 -0.1756488977309183 -0.1607976938797919
 -0.4678872558210856 -0.03606063919813829
 -0.416064520471036 0.5092381075505343
 0.2909193831121004 0.002818174585646704
 0.02219131605198776 0.1016239586769163
 -0.4215856735690906 0.3902724287711692
 0.1312701018269282 -0.1999108769574998
 -0.4100822799278838 -0.6728040655786355
 -0.3555371657686696 0.2773165939995723
 -0.3576085720356882 0.5217038805381937
 -0.3057157111241177 0.3830352306310389
 -0.02607285509271273 0.371250262637955
 -0.1175722053555501 -0.02881462322018091
 -0.2414978614822485 -0.04582353202612099
 -0.1803341296779452 0.006288847469051784
 0.2639283328688915 -0.1992011508396727
 -0.3281433694337919 -0.6282848550773351
 -0.2985045648174481 -0.7199303248218192
 -0.1164357715174238 -0.4154851512452428
 -0.4678034615311729 -0.1186661516576906
 0.06911926915224176 -0.519057341363275
 -0.04271503406269433 0.3300655843007105
 -0.338509496270523 0.07544364211613563
 -0.1609554336689628 0.1553253904129832
 -0.07511389462157597 0.5272346248708368
 -0.4293342795969636 -0.3282345450673697
 -0.1638388671147061 0.5963614261003876
 -0.4511639757658013 -0.3688550180420653
 0.0477326012716337 0.08964545648908662
 -0.2071887511824876 0.02960799694857363
 0.1299974293337708 -0.7614435680479636
 -0.1703143107495038 0.2602442790644992
 0.1666977573131385 -0.6618043178691155
 0.1096686754819202 -0.02214622566461588
 0.02952713254448391 0.1205506953316339
 -0.3810851927404768 -0.6806667916116361
 -0.03730684084802127 -0.1696707268848729
 0.238637063003856 -0.3397918493880428
 0.1794064014908688 0.3661480589994754
 -0.4454136847023332 0.4877335811517349
 -0.1317394384800494 -0.373018851402992
 0.2581665254084921 0.3214764983352079
 -0.1714447494920976 -0.05436293068615294
 0.02235210463197101 0.4604478250521027
 0.2175178040838348 -0.6483801530417846
 0.1648224709037374 -0.5600930677330921
 0.1056168311504915 -0.4735691664637509
 -0.4963784964915107 -0.5303987083886996
 -0.2907698017489588 0.3928299835633928
 -0.3551836886584152 -0.1903313446312004
 -0.1175632590624913 0.4504506289671009
 0.2124443003612323 0.2440933644769854
 -0.3358869160814928 -0.4220813548368354
 -0.218344244717776 0.4259897553266281
 0.2664948031349321 -0.4170877485747476
 0.01073066656729227 0.1157562958115992
 0.1432084886909171 0.5729022280248965
 -0.4963958650943449 0.2476473600027984
 0.01985077535870716 -0.314249802472315
 -0.4943298786967983 0.4026476827557968
 -0.1066475748014619 -0.008673530972761023
 -0.003190484274873728 0.5097321115301097
 -0.4256046133381625 0.2149432583549393
 0.01205281950803394 0.4384711324174269
 -0.4233342420256123 -0.2292095907202772
 -0.1853087541567174 -0.2196603050702203
 -0.2142178623108866 0.5717574446311908
 -0.3176857653637268 -0.3414801223876959
 0.1429172161605914 0.08564324774040655
 -0.3215771348081328 0.1599652791381907
 -0.08101309200345114 0.0194417223450315
 -0.2593885764709819 -0.05106505327874988
 -0.01728897499322879 -0.5757807791890678
 -0.008656890073800994 0.4009132222699567
 0.0123750968137516 -0.2761935255205771
 0.2679646969582689 -0.4929422495575466
 -0.2220083984262218 -0.2887008103860499
 0.1723673880103832 -0.4723496667561773
 0.1312610482208002 -0.2384163214951691
 0.2417920193295278 -0.2391514245169309
 0.1222104972111765 -0.1813941112242526
 0.05346095095331715 -0.0541587324689583
 -0.2122828015945549 -0.4905978184399394
 -0.4045445797940482 -0.5306292805415338
 -0.3762731286211595 -0.3627813931851978
 -0.4051626880493798 0.009202685464379856
 -0.357640700876775 -0.1829956823897581
 -0.05349794759280568 -0.5367778361450742
 -0.291504321184372 -0.03586948103779819
 0.208788609687438 -0.2160398847159675
 -0.02555616811655903 0.2692552908192722
 -0.4403916384551482 -0.7207656971060993
 0.1902142521067798 -0.7314299016733465
 0.1262385593600938 -0.4287630987320286
 -0.3309911214400545 -0.0133859853481485
 -0.3185158579240618 0.06686596743032303
 -0.1625760386910753 -0.7265476664600212
 0.003024476574416179 -0.7133677627434307
 -0.09090668695466819 -0.4835742306944479
 0.1633448564154412 0.2927066715181414
 0.1174513701873333 -0.1043615948512772
 0.05169294696532156 -0.4977769613777398
 -0.4394665160542179 0.2458150666784256
 0.203431012256317 0.008704982514616266
 0.2473564303831601 0.06879417187072323
 -0.2863820801520192 0.1296334215672914
 0.03336896921626242 -0.6703423069010718
 -0.2227836893657588 -0.1486921645088684
 -0.2793075419902326 0.4323863823738003
 0.103908134177997 0.1030638212851981
 -0.2204799841819704 -0.7670236891283051
 -0.2212298929642261 0.02037054516946424
 0.1059599726911196 -0.1245161307750646
 0.005364407931746196 0.1020898369494579
 -0.1863033144733632 0.08037445010340583
 0.07871048501801903 0.04847465489757929
 -0.03904463741389663 0.1829926695369382
 0.02897218785424915 -0.02251375646111808
 -0.2470134385347278 0.3525980480739501
 0.2614486495556683 0.3805171791754431
 -0.145753099711086 -0.4686855874716404
 0.02988989556442989 0.1012628106333081
 -0.2021222117263339 -0.3266953039719632
 0.1343326341041169 -0.6398540475473602
 -0.4074166914010747 0.5531594422067114
 -0.4094377819430242 0.4617778770239458
 0.2570165572978705 -0.5229997218824144
 0.1100326866064472 -0.5254181054178756
 0.2589668856926914 -0.4582610518521841
 0.1538305113296925 0.1074930896241896
 -0.1473583944281088 0.4466593077580514
 0.1473682779345235 -0.4142584922354599
 -0.03874009160598946 -0.489270812931517
 0.2255192000136469 0.277620127375837
 0.2695082445496435 -0.6656511646861341
 0.1248287890059913 0.5081440450622758
 0.1716278105628577 -0.424294526436977
 0.005051999427317599 -0.04760930984720257
 -0.3545882482485394 0.3712630919409519
 -0.4773865878711815 -0.6869322293070108
 -0.2411690309603128 0.2816165396120964
 0.09375793179104353 -0.7722199451556871
 -0.2998889203278951 -0.6748715466457185
 -0.1624780918241021 0.1720941590314071
 0.1968255709106032 -0.1456676463650082
 -0.3480153894477397 -0.2592838977063019
 0.1403579321741512 -0.6842892464634046
 -0.0463486085894857 -0.1491537835145457
 -0.2392946517408572 0.5622097370348842
 -0.4578559719422805 0.2537402710447931
 -0.108193484945784 0.5975321589468918
 0.005202646993645699 -0.5444494223022265
 0.1763515643235155 -0.5724536276863275
 0.1276509988312244 -0.3409375685072879
 0.2486822104867714 -0.4975018255480428
 -0.3168990853109837 -0.4294127291388686


# name: model
# type: scalar struct
# ndims: 2
 1 1
# length: 6
# name: X
# type: matrix
# rows: 221
# columns: 2
 0.328341 0.929094
 0.779954 0.835526
 0.75 0.791667
 0.761521 0.765351
 0.49424 0.899854
 0.233871 0.861842
 0.215438 0.858918
 0.160138 0.777047
 0.41129 0.888158
 0.782258 0.763889
 0.7661289999999999 0.756579
 0.720046 0.842836
 0.715438 0.939327
 0.369816 0.923246
 0.367512 0.908626
 0.710829 0.861842
 0.637097 0.910088
 0.593318 0.917398
 0.510369 0.883772
 0.480415 0.841374
 0.404378 0.876462
 0.365207 0.898392
 0.314516 0.898392
 0.27765 0.895468
 0.263825 0.891082
 0.236175 0.875
 0.22235 0.86038
 0.176267 0.819444
 0.18318 0.787281
 0.160138 0.753655
 0.162442 0.65424
 0.185484 0.58845
 0.192396 0.625
 0.791475 0.749269
 0.37212 0.851608
 0.351382 0.863304
 0.3053 0.854532
 0.323733 0.841374
 0.353687 0.834064
 0.337558 0.525585
 0.360599 0.828216
 0.388249 0.822368
 0.404378 0.798977
 0.413594 0.788743
 0.450461 0.534357
 0.464286 0.538743
 0.485023 0.598684
 0.508065 0.63231
 0.514977 0.649854
 0.526498 0.660088
 0.558756 0.667398
 0.641705 0.66155
 0.678571 0.63962
 0.703917 0.616228
 0.726959 0.586988
 0.738479 0.5577490000000001
 0.549539 0.6922509999999999
 0.49424 0.65424
 0.508065 0.682018
 0.508065 0.6849420000000001
 0.6347930000000001 0.68348
 0.623272 0.895468
 0.650922 0.891082
 0.692396 0.88231
 0.639401 0.877924
 0.549539 0.886696
 0.540323 0.892544
 0.5656679999999999 0.908626
 0.6324880000000001 0.915936
 0.952765 0.774123
 0.975806 0.777047
 0.9550689999999999 0.822368
 0.60023 0.940789
 0.0449309 0.914474
 0.425115 0.528509
 0.692396 0.651316
 0.567972 0.66155
 0.5656679999999999 0.648392
 0.563364 0.59576
 0.607143 0.622076
 0.58871 0.620614
 0.657834 0.529971
 0.703917 0.527047
 0.706221 0.516813
 0.701613 0.510965
 0.664747 0.535819
 0.637097 0.607456
 0.6347930000000001 0.616228
 0.58871 0.619152
 0.551843 0.607456
 0.56106 0.594298
 0.669355 0.522661
 0.673963 0.524123
 0.664747 0.516813
 0.604839 0.59576
 0.830645 0.532895
 0.137097 0.712719
 0.150922 0.749269
 0.213134 0.629386
 0.208525 0.582602
 0.8053 0.6922509999999999
 0.828341 0.6922509999999999
 0.8559909999999999 0.689327
 0.975806 0.648392
 0.980415 0.636696
 0.89977 0.629386
 0.775346 0.6849420000000001
 0.941244 0.638158
 0.989631 0.638158
 0.987327 0.64693
 0.473502 0.689327
 0.180876 0.693713
 0.229263 0.567105
 0.201613 0.622368
 0.0771889 0.577339
 0.508065 0.813158
 0.478111 0.772807
 0.478111 0.746491
 0.459677 0.746491
 0.459677 0.762281
 0.514977 0.818421
 0.478111 0.772807
 0.475806 0.730702
 0.436636 0.753509
 0.468894 0.764035
 0.369816 0.451754
 0.355991 0.435965
 0.349078 0.411404
 0.381336 0.428947
 0.41129 0.474561
 0.404378 0.45
 0.395161 0.434211
 0.397465 0.423684
 0.408986 0.416667
 0.830645 0.42193
 0.839862 0.441228
 0.823733 0.465789
 0.839862 0.499123
 0.839862 0.52193
 0.860599 0.586842
 0.802995 0.476316
 0.558756 0.414912
 0.5541469999999999 0.416667
 0.591014 0.441228
 0.620968 0.471053
 0.62788 0.47807
 0.6440090000000001 0.47807
 0.662442 0.474561
 0.680876 0.474561
 0.6324880000000001 0.474561
 0.58871 0.451754
 0.581797 0.432456
 0.570276 0.411404
 0.558756 0.40614
 0.5541469999999999 0.476316
 0.540323 0.472807
 0.526498 0.458772
 0.540323 0.439474
 0.517281 0.435965
 0.496544 0.42193
 0.473502 0.416667
 0.450461 0.455263
 0.475806 0.435965
 0.473502 0.420175
 0.457373 0.411404
 0.450461 0.409649
 0.487327 0.458772
 0.538018 0.572807
 0.176267 0.407895
 0.146313 0.402632
 0.261521 0.535965
 0.252304 0.553509
 0.226959 0.7921049999999999
 0.247696 0.834211
 0.273041 0.858772
 0.291475 0.862281
 0.22235 0.813158
 0.224654 0.797368
 0.203917 0.7745610000000001
 0.185484 0.755263
 0.206221 0.728947
 0.22235 0.70614
 0.224654 0.6605259999999999
 0.203917 0.648246
 0.199309 0.655263
 0.243088 0.635965
 0.233871 0.618421
 0.240783 0.613158
 0.273041 0.625439
 0.570276 0.816667
 0.563364 0.804386
 0.738479 0.702632
 0.740783 0.735965
 0.687788 0.802632
 0.687788 0.820175
 0.669355 0.837719
 0.6555299999999999 0.844737
 0.584101 0.8394740000000001
 0.547235 0.772807
 0.567972 0.842982
 0.581797 0.869298
 0.595622 0.871053
 0.625576 0.869298
 0.648618 0.8570179999999999
 0.6670509999999999 0.8570179999999999
 0.706221 0.82193
 0.961982 0.579825
 0.927419 0.592105
 0.927419 0.572807
 0.915899 0.557018
 0.915899 0.557018
 0.879032 0.42193
 0.874424 0.407895
 0.9665899999999999 0.434211
 0.959677 0.557018
 0.904378 0.560526
 0.890553 0.444737
 0.874424 0.507895
 0.897465 0.527193
 0.913594 0.5377189999999999
 0.985023 0.579825


# name: y
# type: matrix
# rows: 221
# columns: 1
 1
 1
 1
 1
 1
 1
 1
 1
 1
 1
 1
 1
 1
 1
 1
 1
 1
 1
 1
 1
 1
 1
 1
 1
 1
 1
 1
 1
 1
 1
 1
 1
 1
 1
 -1
 -1
 -1
 -1
 -1
 -1
 -1
 -1
 -1
 -1
 -1
 -1
 -1
 -1
 -1
 -1
 -1
 -1
 -1
 -1
 -1
 -1
 -1
 -1
 -1
 -1
 -1
 1
 1
 1
 1
 1
 1
 1
 1
 1
 1
 1
 1
 1
 -1
 -1
 -1
 -1
 1
 1
 1
 1
 1
 1
 1
 1
 1
 1
 1
 1
 1
 1
 1
 1
 1
 -1
 1
 1
 1
 1
 -1
 -1
 -1
 -1
 -1
 -1
 -1
 -1
 -1
 -1
 -1
 1
 1
 1
 1
 1
 1
 1
 1
 1
 1
 1
 1
 1
 1
 -1
 -1
 -1
 -1
 -1
 -1
 -1
 -1
 -1
 -1
 -1
 -1
 -1
 -1
 -1
 -1
 -1
 -1
 -1
 -1
 -1
 -1
 -1
 -1
 -1
 -1
 -1
 -1
 -1
 1
 1
 1
 1
 1
 1
 1
 1
 1
 1
 1
 1
 1
 1
 1
 1
 1
 1
 -1
 -1
 -1
 -1
 -1
 -1
 -1
 -1
 -1
 -1
 -1
 -1
 -1
 -1
 -1
 -1
 -1
 -1
 -1
 -1
 -1
 -1
 -1
 -1
 -1
 -1
 -1
 -1
 -1
 -1
 -1
 -1
 -1
 -1
 1
 1
 1
 1
 1
 1
 1
 1
 1
 1
 1
 1
 1
 1
 1


# name: kernelFunction
# type: function handle
@<anonymous>
@(x1, x2) gaussianKernel (x1, x2, sigma)
# length: 1
# name: sigma
# type: scalar
0.1




# name: b
# type: scalar
0.4085971762380764


# name: alphas
# type: matrix
# rows: 221
# columns: 1
 2.775557561562891e-17
 5.551115123125783e-17
 1
 1
 2.775557561562891e-17
 1
 0.9974221495860681
 1
 3.122502256758253e-17
 1
 1
 1
 0.0009718670753519065
 4.85722573273506e-17
 1
 0.9999999999999999
 1
 0.7026643410836053
 1.406964689506726e-05
 6.938893903907228e-18
 1
 1
 1
 1
 0.9999999999999999
 0.7628981109320578
 1
 4.163336342344337e-17
 1
 1
 1
 3.469446951953614e-18
 1
 1
 1
 1
 1
 3.469446951953614e-18
 0.5091088018022563
 1.040834085586084e-17
 1
 1
 1
 1
 1
 1
 1
 0.9999999999999999
 1
 1
 0.7256328686864568
 1
 1
 1
 1
 1
 1.713039432527097e-17
 5.551115123125783e-17
 0.8583615847384626
 0.9996513946640638
 4.85722573273506e-17
 1
 0.9999999999999999
 1
 1
 0.9999999999999999
 0.0007267130470438241
 3.209238430557093e-17
 0.6660759532767192
 1
 0.9999999999999999
 5.551115123125783e-17
 1.387778780781446e-17
 4.163336342344337e-17
 1.734723475976807e-18
 0.9641421417151096
 1
 1
 1
 1
 1
 0.3404527708937921
 1
 1
 1
 1
 0.9390374794652354
 1
 1
 1
 1
 1
 1
 1
 0.0008432351309691777
 0.9525945804687547
 3.295974604355933e-17
 0.9246262911112653
 1
 6.938893903907228e-18
 0.169157284183208
 1
 0.9067848753908503
 1
 1
 0.8958841041053549
 2.775557561562891e-17
 1
 1
 1
 1
 1
 0.8960080171681716
 1
 5.551115123125783e-17
 1
 1
 1
 1
 0.9999999999999999
 1
 1
 1
 1
 1
 6.938893903907228e-18
 1.561251128379126e-17
 6.938893903907228e-18
 1
 0.9999999999999999
 1
 1
 1
 1
 1
 0.9999999999999999
 1
 1
 1
 0.8663712905622959
 1.387778780781446e-17
 0.9999999999999999
 1
 1
 1
 1
 1
 1
 0.4762491956461459
 1
 1
 1
 1
 1
 1
 0.9997015953193428
 1
 1
 1
 0.9978346791415982
 0.9048438236587607
 1
 1
 1
 1
 1
 0.01030973689036041
 1
 0.2088834046036094
 0.05590382247881106
 1
 1
 0.3066444346827836
 1
 1
 1
 1
 1
 1
 1
 1
 2.081668171172169e-17
 1
 1
 1
 1
 1
 1
 0.2125174933095521
 0.0009711501252761354
 0.8064341084266322
 4.163336342344337e-17
 1
 0.2676531897981529
 1
 1
 1
 1
 1
 1
 1
 1
 1
 1
 1
 0.9999999999999999
 1
 0.9999999999999999
 1
 1
 0.9999999999999999
 1
 1
 0.0006516567967856171
 2.775557561562891e-17
 1
 0.355056506060161
 1
 0.1532322749387505
 4.163336342344337e-17
 1


# name: w
# type: matrix
# rows: 2
# columns: 1
 -0.5506880531046796
 1.563515622280524




# name: sigma
# type: scalar
0.1


# name: sim
# type: scalar
0.3246524673583497


# name: x1
# type: matrix
# rows: 1
# columns: 3
 1 2 1


# name: x2
# type: matrix
# rows: 1
# columns: 3
 0 4 -1


# name: y
# type: matrix
# rows: 211
# columns: 1
 1
 1
 1
 1
 1
 1
 1
 1
 1
 1
 1
 1
 1
 1
 1
 1
 1
 1
 1
 1
 0
 0
 0
 0
 0
 0
 0
 0
 0
 0
 0
 0
 0
 0
 0
 0
 1
 1
 1
 0
 0
 0
 0
 0
 0
 0
 0
 0
 0
 0
 0
 0
 0
 0
 0
 0
 0
 0
 0
 0
 0
 0
 0
 0
 0
 0
 0
 0
 0
 0
 0
 0
 0
 0
 0
 0
 0
 0
 0
 0
 0
 1
 1
 1
 1
 1
 1
 1
 1
 1
 1
 1
 1
 1
 1
 1
 1
 1
 1
 1
 1
 1
 1
 1
 1
 1
 1
 1
 1
 1
 1
 1
 1
 1
 1
 1
 1
 0
 0
 0
 0
 1
 1
 1
 1
 1
 1
 1
 1
 1
 1
 1
 1
 1
 1
 1
 1
 1
 1
 1
 1
 1
 1
 1
 1
 1
 1
 1
 1
 1
 1
 0
 0
 0
 0
 0
 0
 0
 0
 0
 0
 0
 0
 0
 0
 0
 0
 0
 0
 0
 0
 0
 0
 0
 0
 0
 0
 0
 0
 0
 0
 0
 0
 0
 0
 0
 0
 0
 0
 0
 0
 1
 1
 1
 1
 1
 1
 1
 1
 1
 1
 1
 1
 1
 0
 1
 1
 1
 1
 0
 0


# name: yval
# type: matrix
# rows: 200
# columns: 1
 0
 1
 0
 0
 0
 0
 0
 1
 1
 1
 1
 1
 0
 0
 1
 0
 0
 1
 0
 0
 0
 0
 0
 1
 0
 0
 0
 0
 1
 0
 0
 0
 0
 0
 1
 1
 1
 0
 0
 0
 0
 1
 0
 0
 0
 1
 1
 0
 0
 1
 0
 1
 1
 1
 1
 1
 1
 1
 1
 1
 0
 0
 0
 1
 0
 1
 1
 1
 1
 0
 1
 1
 0
 1
 0
 1
 0
 0
 0
 1
 0
 0
 0
 1
 0
 0
 1
 1
 0
 0
 0
 1
 0
 1
 1
 0
 1
 1
 0
 0
 1
 1
 0
 1
 1
 1
 1
 1
 1
 0
 1
 0
 0
 1
 0
 1
 0
 1
 0
 0
 0
 0
 0
 0
 0
 0
 0
 1
 1
 1
 1
 0
 1
 0
 1
 1
 0
 0
 1
 1
 0
 0
 0
 0
 0
 0
 1
 0
 0
 1
 0
 1
 1
 0
 0
 1
 0
 0
 1
 0
 1
 0
 1
 0
 0
 0
 0
 0
 1
 1
 0
 0
 0
 0
 1
 1
 0
 0
 0
 1
 0
 0
 1
 1
 1
 0
 0
 1
 0
 1
 0
 0
 1
 1
 1
 1
 0
 0
 0
 0


